-6.098637e-06,-3.565798e+09,-1.069733e+10,-2.153950e+10,-3.666952e+10,-5.766949e+10,-8.851850e+10,-1.397188e+11
3.565798e+09,-6.708501e-06,-6.987200e+09,-1.725130e+10,-3.080101e+10,-4.781976e+10,-6.816938e+10,-8.851850e+10
1.069733e+10,6.987200e+09,-6.505213e-06,-9.678585e+09,-2.146281e+10,-3.464145e+10,-4.781976e+10,-5.766949e+10
2.153950e+10,1.725130e+10,9.678585e+09,-7.318365e-06,-1.073147e+10,-2.146281e+10,-3.080101e+10,-3.666952e+10
3.666952e+10,3.080101e+10,2.146281e+10,1.073147e+10,-8.944668e-06,-9.678585e+09,-1.725130e+10,-2.153950e+10
5.766949e+10,4.781976e+10,3.464145e+10,2.146281e+10,9.678585e+09,-8.944668e-06,-6.987200e+09,-1.069733e+10
8.851850e+10,6.816938e+10,4.781976e+10,3.080101e+10,1.725130e+10,6.987200e+09,-8.131516e-06,-3.565798e+09
1.397188e+11,8.851850e+10,5.766949e+10,3.666952e+10,2.153950e+10,1.069733e+10,3.565798e+09,-7.724940e-06
